処理
1. drawBackground(背景を塗る)
2. drawCharacter(キャラクターを塗る)
3. doNothing(空ループ)
4. updateDiff(差分を更新する)

drawBackground
ループ回数と座標を指定し，各座標に同じ文字を入れる

drawCharacter
db疑似命令で格納してある座標・種類・数を用いて全て塗る

doNothing
空ループを回し時間を稼ぐ事によってアニメーション化する

updateDiff
アニメーション用の差分を更新する

工夫点
1. ドット絵の表現として授業で習っていないdwを使用
   (書き込む際に16ビットを用いるvramと相性が良い上に容量削減)
2. ドット絵の描写を多重ループ1つで表現
   (全ての座標を繋げ、各色の数を事前に指定し，座標と色それぞれに)
   (汎用レジスタをインデックスとして使用．これによって容量削減)
3. 即値を指定番地に入れる際，1行で処理を終わらせる
   (授業で習ったやり方だと，汎用レジスタを用いて2行以上使用する必要がある)
   (word[cs:番地]でやってる)
4. 2方向に動ける
   (アニメーション差分用の領域だけでなく，差分更新用の領域も確保している)
   (差分更新用領域を条件分岐によって適当に値を変える事で2方向の移動に成功)


背景色(8種類)
  0 ~  15(0x0-): 黒
 16 ~  31(0x1-): 暗い青
 32 ~  47(0x2-): 暗い緑
 48 ~  63(0x3-): 暗い水色
 64 ~  79(0x4-): 暗い赤
 80 ~  95(0x5-): 暗い紫
 96 ~ 111(0x6-): 暗い茶色
112 ~ 127(0x7-): 暗い灰色

文字の色 (16種)
 0(0x-0): 黒
 1(0x-1): 暗い青
 2(0x-2): 暗い緑
 3(0x-3): 暗い水色
 4(0x-4): 暗い赤
 5(0x-5): 暗い紫
 6(0x-6): 暗い茶色
 7(0x-7): 暗い灰色
 8(0x-8): 暗いネズミ色
 9(0x-9): 暗い空色
10(0x-a): 明るい黄緑
11(0x-b): 明るい水色
12(0x-c): 明るい赤
13(0x-d): 明るいピンク
14(0x-e): 明るい黄色
15(0x-f): 明るい白色

ahの中身
・0 ~ 127で文字色と背景色を表す
・128以上になると，挙動がおかしくなる(点滅する)

alの中身
・0 ~ 255で文字を表す
・256以上になると，表記が2ほどズレる

白色
al, 8
ah, 0x7f
黄色
al, 8
ah, 0x6e

霊夢(横15,縦16サイズ)の開始座標
左上:584
black:	dw	 586,  588,  590,  592,  594,  596,  600,  602,  604,  606
	dw	 608,  610,  664,  674,  678,  682,  692,  744,  750,  766
	dw	 772,  824,  828,  848,  852,  906,  930,  986, 1010, 1068
	dw	1074, 1082, 1088, 1146, 1154, 1162, 1168, 1224, 1226, 1228
	dw	1232, 1244, 1250, 1304, 1312, 1314, 1316, 1320, 1322, 1330
	dw	1384, 1390, 1394, 1398, 1402, 1406, 1408, 1410, 1466, 1472
	dw	1476, 1480, 1484, 1492, 1548, 1550, 1566, 1572, 1628, 1648
	dw	1650, 1710, 1726, 1792, 1796, 1798, 1800, 1804
	
red:	dw	 598,  668,  670,  672,  684,  686,  688,  748,  768, 1150
	dw	1166, 1230, 1246, 1306, 1386, 1468, 1474, 1482, 1490, 1552
	dw	1554, 1556, 1558, 1560, 1562, 1564, 1570, 1632, 1634, 1636
	dw	1638, 1640, 1642, 1644, 1716, 1720, 1794, 1802
	
white:	dw	 666,  690,  746,  770,  826,  850,  918,  994,  998, 1002
	dw	1072, 1076, 1078, 1080, 1084, 1152, 1156, 1158, 1160, 1164
	dw	1234, 1236, 1238, 1240, 1242, 1308, 1318, 1388, 1392, 1396
	dw	1400, 1404, 1470, 1478, 1486, 1488, 1568, 1630, 1646, 1712
	dw	1714, 1718, 1722, 1724
	
blown:	dw	 676,  680,  752,  754,  756,  758,  760,  762,  764,  830
	dw	 832,  834,  836,  838,  840,  842,  844,  846,  908,  910
	dw	 912,  914,  916,  920,  922,  924,  926,  928,  988,  990
	dw	 992,  996, 1000, 1004, 1006, 1008, 1070, 1086, 1148, 1248
	dw	1310, 1324, 1326, 1328
num:	equ	($ - black) / 2


ロックマンの色座標(ボツ)

black:	dw  260,  262,  264,  336,  338,  340,  346,  352,  354,  356
	dw  358,  414,  422,  428,  430,  440,  492,  504,  506,  508
	dw  510,  520,  572,  584,  592,  600,  650,  666,  668,  672
	dw  678,  730,  752,  754,  756,  810,  822,  824,  828,  832
	dw  836,  838,  840,  892,  902,  904,  908,  912,  914,  922
	dw  970,  972,  992, 1004, 1006, 1008, 1010, 1048, 1054, 1062
	dw 1064, 1066, 1070, 1072, 1084, 1092, 1126, 1136, 1140, 1142
	dw 1144, 1146, 1148, 1158, 1170, 1204, 1218, 1222, 1224, 1226
	dw 1236, 1238, 1248, 1284, 1290, 1292, 1316, 1320, 1326, 1364
	dw 1370, 1374, 1376, 1396, 1402, 1404, 1406, 1408, 1444, 1452
	dw 1458, 1476, 1478, 1480, 1482, 1484, 1490, 1524, 1526, 1532
	dw 1540, 1542, 1572, 1602, 1614, 1624, 1654, 1682, 1688, 1690
	dw 1692, 1694, 1706, 1708, 1710, 1712, 1714, 1716, 1734, 1762
	dw 1764, 1766, 1798, 1800, 1802, 1804, 1806, 1814, 1888, 1890
	dw 1892
nblack:	equ	($ - black) / 2
	
blue:	dw  416,  418,  420,  432,  434,  436,  438,  494,  496,  498
	dw  500,  502,  512,  514,  516,  518,  574,  576,  578,  580
	dw  582,  590,  594,  596,  598,  654,  656,  658,  660,  662
	dw  664,  670,  674,  676,  734,  736,  746,  748,  750,  814
	dw  894,  920,  974, 1000, 1002, 1056, 1078, 1080, 1082, 1086
	dw 1088, 1090, 1152, 1160, 1162, 1164, 1166, 1168, 1206, 1208
	dw 1232, 1240, 1242, 1244, 1246, 1286, 1288, 1310, 1312, 1314
	dw 1322, 1324, 1366, 1368, 1390, 1392, 1394, 1446, 1448, 1450
	dw 1468, 1470, 1472, 1486, 1488, 1528, 1530, 1546, 1548, 1550
	dw 1560, 1562, 1564, 1566, 1568, 1570, 1604, 1606, 1608, 1610
	dw 1612, 1626, 1628, 1630, 1638, 1640, 1642, 1644, 1646, 1648
	dw 1650, 1652, 1684, 1686, 1718, 1720, 1722, 1724, 1726, 1728
	dw 1730, 1732, 1808, 1810, 1812
nblue:	equ	($ - blue) / 2
	
water:	dw  342,  344,  424,  426,  586,  588,  652,  732,  812,  916
	dw  918,  994,  996,  998, 1050, 1052, 1074, 1076, 1128, 1130
	dw 1132, 1134, 1150, 1154, 1156, 1210, 1212, 1214, 1216, 1228
	dw 1230, 1234, 1294, 1296, 1298, 1300, 1302, 1304, 1306, 1308
	dw 1378, 1380, 1382, 1384, 1386, 1388, 1460, 1462, 1464, 1466
	dw 1474, 1544, 1552, 1554, 1556, 1558, 1632, 1634, 1636
nwater:	equ	($ - water) / 2
	
yello:	dw  738,  816,  826,  896,  906,  976,  978,  986,  990, 1058
	dw 1060, 1068, 1138, 1220
nyello:	equ	($ - yello) / 2
	
white:	dw  740,  742,  744,  818,  820,  830,  898,  900,  910,  980
	dw  982,  984,  988
nwhite:	equ	($ - white) / 2


